1,750,545 1,773,220 1,909,499 1,800,933 1,941,772 1,769,366 1,673,279 1,810,003 1,725,127 1,737,120 1,795,294 1,845,363
1,714,082 1,739,032 1,988,404 1,829,318 1,948,460 1,718,453 1,921,046 1,873,591 1,691,157 1,900,781 2,074,265 1,984,361
2,112,825 2,064,927 2,029,896 2,043,917 2,169,206 1,970,931 2,074,953 1,978,270 1,881,488 1,885,639 2,024,695 2,114,057
2,112,897 1,976,777 2,287,003 2,149,365 2,337,953 1,930,620 2,010,370 1,959,848 1,847,161 2,319,402 2,227,738 1,980,279
2,083,867 1,984,023 2,262,315 2,042,615 1,988,112 1,927,154 1,990,751 2,186,701 2,054,075 2,045,785 2,123,201 2,261,720
2,099,315.45 2,124,667.52 2,463,647.62 2,472,971.90 2,421,391.01 2,405,472.85 2,181,433.00 2,244,773.06 1,980,192.51 1,800,349.26 2,115,045.37 2,375,881.48
2,214,546.21 2,125,172.80 2,472,679.98 2,249,448.66 2,415,576.86 2,072,202.14 2,177,412.61 2,188,568.62 1,997,073.59 2,140,212.77 2,316,578.36 2,320,872.16
2,412,689.72 2,270,426.73 2,721,845.44 2,316,561.70 2,576,625.62 2,447,015.92 2,577,074.08 2,434,753.09 2,123,747.69 2,249,550.18 2,407,384.11 2,406,425.50
2,349,515.29 2,283,261.26 2,329,780.09 2,435,992.91 2,440,586.60 2,003,659.37 1,953,500.22 1,902,120.35 1,877,361.94 1,995,693.56 2,062,143.01 2,256,177.43
2,395,729.87 2,306,316.41 2,507,628.92 2,673,544.22 2,641,261.83 2,363,643.72 2,413,889.93 2,332,997.27 2,304,872.90 2,569,728.58 2,319,021.70 2,531,064.81
2,229,868.21 2,312,920.07 2,672,144.80 2,128,180.57 2,129,209.59 2,095,207.04 2,110,229.80 2,004,950.68 2,008,992.05 2,070,773.96 2,142,192.90 2,262,042.06
2,274,013.07 2,167,948.55 2,470,456.30 2,465,941.15 2,430,138.62 2,506,088.38 2,096,190.42 2,142,669.04 1,952,754.18 1,947,413.63 2,114,746.04 2,311,721.16
2,116,578.44 2,245,140.51 2,497,385.98 2,210,285.21 2,378,167.87 2,164,315.62 2,142,803.47 2,253,967.16 1,963,464.36 2,273,452.29 2,316,741.46 2,352,667.37
2,252,416.21 2,069,737.09 2,457,071.13 2,508,230.00 2,482,671.83 2,344,015.04 2,280,253.62 2,259,603.19 1,939,354.91 2,190,140.04 2,167,425.47 2,265,415.09
2,329,215.09 2,297,388.19 2,527,910.09 2,517,074.34 2,458,681.13 2,152,358.29 2,445,741.15 2,476,740.21 2,192,154.31 2,486,938.45 2,394,185.30 2,804,423.86
2,683,539.90 2,540,046.24 2,958,995.20 2,764,588.75 2,739,859.78 2,639,584.63 2,790,760.07 2,916,791.95 2,555,014.13 2,665,258.82 2,544,515.41 2,728,500.61
2,802,376.85 2,774,475.99 2,888,542.20 2,802,603.90